position(x,y,z) diffuse(r,g,b) specular(r,g,b) atten(x,y,z,w) direction(x,y,z) param1(x,y,z) param2(x)


-1.75 4 -6.7 1 0 0 0.8 0.2 0.2 1 0.05 0.005 20 0 -1 0 1 15 15 1
1.75 4 -6.7 0 1 0 0.2 0.8 0.2 1 0.05 0.005 20 0 -1 0 1 15 15 1
0 10 5 0 0 1 0.2 0.2 0.8 1 0.05 0.005 20 0 -1 0 1 15 15 1

-4 10 -4 1 1 1 1 1 1 1 0.05 0.005 20 0 -1 0 1 15 20 1


0 50 0 0.9922 0.9843 0.8275 0.5 0.5 0.5 1 0.01 0.001 100 0 -1 0 0 40 40 1

5.9 2 -0.2 0 0.2 0.8 0 0 1 1 0.9 0.75 10 0 0 0 0 0 0 1
5.9 1.2 0.2 0.8 0.2 0 1 0 0 1 0.7 0.4 10 0 0 0 0 0 0 1

-4.1 0.9 -4.25 0.2 0 0.8 0.2 0.2 0.6 1 0.9 0.75 10 0 0 0 0 0 0 1
-3.8 0.9 -4.4 0.8 0.2 0 0.6 0.2 0.2 1 0.9 0.72 10 0 0 0 0 0 0 1


-1000 0 0 0.9922 0.9843 0.8275 0.9 0.9 0.9 1 0.00001 0.000001 100000 0 0 1 2 0 0 1
1000 0 0 0.9922 0.9843 0.8275 0.9 0.9 0.9 1 0.00001 0.000001 100000 0 0 -1 2 0 0 1

-1000 0 0 0.9922 0.9843 0.8275 0.9 0.9 0.9 1 0.00001 0.000001 100000 1 0 0 2 0 0 1
1000 0 0 0.9922 0.9843 0.8275 0.9 0.9 0.9 1 0.00001 0.000001 100000 -1 0 0 2 0 0 1

1000 1000 0 0.9922 0.9843 0.8275 0.9 0.9 0.9 1 0.00001 0.000001 10000 0 1 0 2 0 0 1
1000 1000 0 0.9922 0.9843 0.8275 0.9 0.9 0.9 1 0.00001 0.000001 100000 0 -1 0 2 0 0 1


2.5 2.75 5.9 1 0.4 0.4 1 0.4 0.4 1 0.4 0.1 3 0 0 0 0 0 0 1
-2.5 2.75 5.9 1 0.4 0.4 1 0.4 0.4 1 0.4 0.1 3 0 0 0 0 0 0 1



end